12723924
25078924
39018208
47510590
49783554
52079677
55298910
55659311
89502706
115693377
117549840
120566395
140659980
160081043
166852312
177077475
188579557
206544316
220474209
231010756
231828370
234494090
259864042
260131665
260352096
271596290
279949020
281498280
281728376
287328866
300560295
300972613
327996089
349518145
350298314
358108063
364302118
382517745
425064757
425864141
441464221
30313682
33912852
50380257
141622065
150187916
197886566
198076334
231840927
231844926
260161144
278683641
279569707
280052690
308991822
316769815